{
 "cells": [
  {
   "cell_type": "code",
   "execution_count": 12,
   "metadata": {},
   "outputs": [],
   "source": [
    "from qm_2019_sss_3 import noblegas\n",
    "import numpy as np"
   ]
  },
  {
   "cell_type": "code",
   "execution_count": 14,
   "metadata": {},
   "outputs": [],
   "source": [
    "ng = noblegas.NobleGas('Argon',np.array([[0.0, 0.0, 0.0], [3.0, 4.0, 5.0]]))"
   ]
  },
  {
   "cell_type": "code",
   "execution_count": 15,
   "metadata": {},
   "outputs": [
    {
     "data": {
      "text/plain": [
       "{'r_hop': 3.1810226927827516,\n",
       " 't_ss': 0.03365982238611262,\n",
       " 't_sp': -0.029154833035109226,\n",
       " 't_pp1': -0.0804163845390335,\n",
       " 't_pp2': -0.01393611496959445,\n",
       " 'r_pseudo': 2.60342991362958,\n",
       " 'v_pseudo': 0.022972992186364977,\n",
       " 'dipole': 2.781629275106456,\n",
       " 'energy_s': 3.1659446174413004,\n",
       " 'energy_p': -2.3926873325346554,\n",
       " 'coulomb_s': 0.3603533286088998,\n",
       " 'coulomb_p': -0.003267991835806299}"
      ]
     },
     "execution_count": 15,
     "metadata": {},
     "output_type": "execute_result"
    }
   ],
   "source": [
    "ng.model_parameters"
   ]
  },
  {
   "cell_type": "code",
   "execution_count": 16,
   "metadata": {},
   "outputs": [],
   "source": [
    "hf = noblegas.HartreeFock(ng)"
   ]
  },
  {
   "cell_type": "code",
   "execution_count": 19,
   "metadata": {},
   "outputs": [
    {
     "name": "stdout",
     "output_type": "stream",
     "text": [
      "range(0, 8)\n",
      "(0,0): s, 0\n",
      "(1,1): px, 1\n",
      "(2,2): py, 1\n",
      "(3,3): pz, 1\n",
      "(4,4): s, 0\n",
      "(5,5): px, 1\n",
      "(6,6): py, 1\n",
      "(7,7): pz, 1\n",
      "[[ 5.39025169e-08 -4.18940517e-05 -5.58587356e-05 -6.98234195e-05\n",
      "  -4.14973932e-08 -8.91478583e-05 -1.18863811e-04 -1.48579764e-04]\n",
      " [-4.18940517e-05  9.99999990e-01 -1.29366036e-08 -1.61707550e-08\n",
      "   8.91478583e-05 -7.46953067e-09 -9.95937422e-09 -1.24492180e-08]\n",
      " [-5.58587356e-05 -1.29366036e-08  9.99999983e-01 -2.15610067e-08\n",
      "   1.18863811e-04 -9.95937439e-09 -1.32791658e-08 -1.65989572e-08]\n",
      " [-6.98234195e-05 -1.61707550e-08 -2.15610067e-08  9.99999973e-01\n",
      "   1.48579764e-04 -1.24492179e-08 -1.65989573e-08 -2.07486966e-08]\n",
      " [-4.14973932e-08  8.91478583e-05  1.18863811e-04  1.48579764e-04\n",
      "   5.39025169e-08  4.18940517e-05  5.58587356e-05  6.98234195e-05]\n",
      " [-8.91478583e-05 -7.46953067e-09 -9.95937439e-09 -1.24492179e-08\n",
      "   4.18940517e-05  9.99999990e-01 -1.29366040e-08 -1.61707550e-08]\n",
      " [-1.18863811e-04 -9.95937422e-09 -1.32791658e-08 -1.65989573e-08\n",
      "   5.58587356e-05 -1.29366040e-08  9.99999983e-01 -2.15610066e-08]\n",
      " [-1.48579764e-04 -1.24492180e-08 -1.65989572e-08 -2.07486966e-08\n",
      "   6.98234195e-05 -1.61707550e-08 -2.15610066e-08  9.99999973e-01]]\n",
      "[[ 5.75449504e-08 -4.37227848e-05 -5.82970464e-05 -7.28713080e-05\n",
      "  -4.46479362e-08 -9.19043427e-05 -1.22539124e-04 -1.53173905e-04]\n",
      " [-4.37227848e-05  9.99999990e-01 -1.38107883e-08 -1.72634851e-08\n",
      "   9.19043427e-05 -8.03662840e-09 -1.07155047e-08 -1.33943807e-08]\n",
      " [-5.82970464e-05 -1.38107883e-08  9.99999982e-01 -2.30179804e-08\n",
      "   1.22539124e-04 -1.07155045e-08 -1.42873396e-08 -1.78591744e-08]\n",
      " [-7.28713080e-05 -1.72634851e-08 -2.30179804e-08  9.99999971e-01\n",
      "   1.53173905e-04 -1.33943811e-08 -1.78591742e-08 -2.23239679e-08]\n",
      " [-4.46479362e-08  9.19043427e-05  1.22539124e-04  1.53173905e-04\n",
      "   5.75449504e-08  4.37227848e-05  5.82970464e-05  7.28713080e-05]\n",
      " [-9.19043427e-05 -8.03662840e-09 -1.07155045e-08 -1.33943811e-08\n",
      "   4.37227848e-05  9.99999990e-01 -1.38107883e-08 -1.72634850e-08]\n",
      " [-1.22539124e-04 -1.07155047e-08 -1.42873396e-08 -1.78591742e-08\n",
      "   5.82970464e-05 -1.38107883e-08  9.99999982e-01 -2.30179802e-08]\n",
      " [-1.53173905e-04 -1.33943807e-08 -1.78591744e-08 -2.23239679e-08\n",
      "   7.28713080e-05 -1.72634850e-08 -2.30179802e-08  9.99999971e-01]]\n",
      "-17.901174993255264\n"
     ]
    }
   ],
   "source": [
    "a,b,c = hf.scf_cycle()"
   ]
  },
  {
   "cell_type": "code",
   "execution_count": null,
   "metadata": {},
   "outputs": [],
   "source": []
  }
 ],
 "metadata": {
  "kernelspec": {
   "display_name": "Python 3",
   "language": "python",
   "name": "python3"
  },
  "language_info": {
   "codemirror_mode": {
    "name": "ipython",
    "version": 3
   },
   "file_extension": ".py",
   "mimetype": "text/x-python",
   "name": "python",
   "nbconvert_exporter": "python",
   "pygments_lexer": "ipython3",
   "version": "3.7.3"
  }
 },
 "nbformat": 4,
 "nbformat_minor": 2
}
